0.249957 0 0.00462473 9.25002 0 0 6.69281 0 0 6.69281 0
0.249827 0 0.00929787 18.6 0 0 12.0243 0 0 12.0243 0
0.249649 0 0.0132439 26.4999 0 0 14.5491 0 0 14.5491 0
0.24934 0 0.0181592 36.3497 0 0 14.5459 0 0 14.5459 0
0.248793 0 0.0245357 49.1495 0 0 9.47982 0 0 9.47982 0
0.248184 0 0.0300773 60.2994 0 0 1.89429 0 0 1.89429 0
0.247469 0 0.0354803 71.1997 0 0 -6.09441 0 0 -6.09441 0
0.246674 0 0.0406443 81.6504 0 0 -12.1216 0 0 -12.1216 0
0.24551 0 0.0471663 94.9012 0 0 -14.992 0 0 -14.992 0
0.244455 0 0.0523602 105.502 0 0 -12.6872 0 0 -12.6872 0
0.242406 0 0.0611491 123.553 0 0 -1.58014 0 0 -1.58014 0
0.239317 0 0.0723016 146.704 0 0 13.0265 0 0 13.0265 0
0.236873 0 0.0799441 162.755 0 0 14.4 0 0 14.4 0
0.234054 0 0.0878554 179.556 0 0 6.4834 0 0 6.4834 0
0.230189 0 0.097535 200.408 0 0 -8.41512 0 0 -8.41512 0
0.226094 0 0.106684 220.459 0 0 -14.9944 0 0 -14.9944 0
0.222315 0 0.114351 237.56 0 0 -9.52926 0 0 -9.52926 0
0.218031 0 0.122322 255.661 0 0 3.22481 0 0 3.22481 0
0.213694 0 0.129749 272.857 0 0 13.2044 0 0 13.2044 0
0.210194 0 0.135346 286.054 0 0 14.795 0 0 14.795 0
0.210194 0 0.135346 286.054 0 0 14.795 0 0 14.795 0
0.208237 0 0.138338 293.202 0 0 12.9954 0 0 12.9954 0
0.203413 0 0.145338 310.198 0 0 2.95172 0 0 2.95172 0
0.198612 0 0.151833 326.344 0 0 -8.58353 0 0 -8.58353 0
0.193367 0 0.158459 343.24 0 0 -14.8978 0 0 -14.8978 0
0.191065 0 0.161227 350.438 0 0 -14.5588 0 0 -14.5588 0
0.188329 0 0.164415 358.836 0 0 -11.8219 0 0 -11.8219 0
0.188326 0 0.164428 358.831 0 0 -11.8217 12.6 5.7 -25.2218 0
0.188326 0 0.164428 358.831 0 0 -11.8217 2.1 22.7001 -25.2218 -5.1
0.188326 0 0.164428 358.831 10.1 0 -11.8217 2.1 22.7001 -25.2218 -19.3
0.188326 0 0.164428 358.831 19.2 0 -11.8217 1.2 23.6001 -25.2218 -19.3
0.188326 -0.03 0.164428 358.831 25.8001 0 -11.8217 -5.8 29.4001 -31.5218 -27.2001
0.188326 -0.03 0.164428 358.831 25.8001 0 -11.8217 -5.8 29.4001 -31.5218 -27.2001
0.188326 -0.03 0.164428 358.831 25.8001 0 -11.8217 -5.8 20 -31.5218 -27.2001
0.188326 -0.03 0.164428 358.831 25.8001 0 -11.8217 -5.8 6.29999 -31.5218 -27.2001
0.188326 -0.03 0.164428 358.831 25.8001 0 -11.8217 -5.8 -1.4 -31.5218 -27.2001
